0 0 44 5 109 117 208
0 0 8 5 97 210 167
0 0 0 5 74 174 222
0 0 9 5 166 121 176
0 0 11 5 57 140 149
0 0 65 5 219 182 165
0 0 34 5 59 240 233
0 0 96 5 232 217 74
-0 0 55 5 99 59 185
-0 0 87 5 178 237 215
-0 0 17 5 87 124 125
-0 0 30 5 157 229 169
-0 0 64 5 120 78 209
-0 0 22 5 168 92 55
-0 0 5 5 238 75 248
-0 0 59 5 123 101 59
-0 -0 30 5 82 91 157
-0 -0 69 5 217 166 55
-0 -0 73 5 147 165 195
-0 -0 15 5 95 54 118
-0 -0 14 5 208 192 234
-0 -0 60 5 119 196 203
-0 -0 43 5 220 130 220
0 -0 68 5 112 251 112
0 -0 68 5 251 254 92
0 -0 81 5 137 190 156
0 -0 95 5 185 152 166
0 -0 26 5 220 63 104
0 -0 32 5 225 145 246
0 -0 8 5 130 85 178
11.851 0 4.89074 5 166 153 213
4.88084 0.691636 35.2133 5 158 248 253
9.49684 1.26848 43.0385 5 83 102 154
0.336408 9.65439 36.1915 5 202 223 211
3.478 7.57092 63.5796 5 100 221 64
9.56394 13.1441 53.7981 5 153 243 164
2.24869 14.8302 80.2081 5 83 155 210
1.28223 10.1319 85.0988 5 225 185 254
-1.21703 11.9928 39.1259 5 139 198 192
-3.40516 15.6211 31.3007 5 58 217 123
-6.23735 3.24102 55.7544 5 163 163 246
-0.973841 8.80698 67.4922 5 77 99 130
-0 3.05519 73.3611 5 106 65 243
-0.759747 2.11413 43.0385 5 81 63 195
-5.28758 3.3285 91.9459 5 52 235 90
-18.7121 4.62743e-008 49.8855 5 145 155 212
-14.8459 -0.302591 16.6285 5 143 217 197
-16.3346 -6.00414 36.1915 5 70 55 146
-8.57841 -7.57686 24.4537 5 176 220 208
-2.50416 -7.41641 7.82518 5 188 169 90
-2.5989 -16.3852 10.7596 5 221 216 200
-2.63418 -2.96604 44.0166 5 201 130 219
-1.15183 -4.75577 58.6889 5 150 96 146
0.130396 -4.549 81.1862 5 112 201 90
3.98339 -1.18641 12.7159 5 226 161 110
0.831647 -15.845 62.6014 5 129 51 191
12.799 -4.63525 35.2133 5 96 221 104
15.1384 -7.94348 0 5 71 123 83
4.55848 -1.69131 12.7159 5 62 221 182
19.9301 -0.389045 93.9022 5 130 161 59
33.7591 0 77.6514 5 176 181 94
26.6558 3.46718 12.7896 5 151 65 91
2.22943 1.98522 30.147 5 253 138 72
15.7947 0.239074 9.13545 5 53 134 234
6.804 0.302264 0.913545 5 164 127 78
19.9301 5.98815 37.4554 5 61 54 238
8.16975 37.9093 17.3574 5 127 235 90
2.42339 4.44959 14.6167 5 244 197 193
-3.48628 4.04508 38.3689 5 62 165 63
-8.92389 27.8517 69.4295 5 157 155 251
-18.9133 19.0212 24.6657 5 237 119 75
-8.70912 14.8109 13.7032 5 69 252 159
-8.22642 16.0179 10.049 5 243 139 131
-36.0425 13.2348 12.7896 5 115 145 62
-21.086 3.29805 59.3805 5 114 224 217
-32.1322 4.3803e-009 88.6139 5 110 156 248
-31.0322 -4.73566 23.7522 5 117 180 152
-24.8954 -6.12108 82.2191 5 143 218 120
-13.8204 -17.9305 45.6773 5 160 103 58
-10.8864 -27.506 13.7032 5 125 113 98
-4.06737 -33.4632 81.3055 5 61 71 150
-4.90185 -1.93415 22.8386 5 193 100 233
-0.680249 -22.6525 89.5275 5 88 157 210
3.44376 -32.7652 11.8761 5 173 83 241
5.78167 -0 39.2825 5 65 88 202
2.84716 -22.1914 81.3055 5 138 91 146
14.6966 -28.7151 41.1095 5 157 66 107
28.2989 -23.4292 21.0115 5 172 98 129
14.4913 -0.330869 37.4554 5 235 91 54
36.9999 -6.93436 71.2565 5 217 105 200
57.0152 0 77.6656 5 111 231 142
17.8232 7.82128 12.9443 5 174 141 250
30.0702 17.2133 48.541 5 119 246 205
32.3359 8.98278 28.3156 5 230 158 74
2.75314 38.8761 80.0927 5 200 192 230
3.8206 33.5964 73.6205 5 239 183 75
1.99799 14.5344 16.1803 5 92 85 243
4.4237 11.6913 6.47214 5 119 144 116
-0 51.4417 21.8435 5 113 72 110
-0.726543 49.7525 16.1803 5 55 192 226
-0 37.6687 51.7771 5 93 132 204
-12.5858 20.9669 61.4853 5 223 113 167
-13.7903 6.90983 55.0132 5 230 104 101
-23.6266 2.86889 50.1591 5 84 110 128
-42.5456 11.1209 2.42705 5 73 64 131
-26.4503 1.68802e-008 46.923 5 54 147 146
-47.1451 -8.79893 0.809017 5 64 59 125
-31.6811 -6.21592 75.2386 5 61 80 253
-38.5178 -6.21885 12.1353 5 127 171 209
-33.0376 -31.4503 78.4746 5 94 107 99
-1.76336 -39.7049 42.8779 5 192 190 253
-0.544907 -11.1803 44.4959 5 68 105 235
-0.245761 -12.8604 40.4509 5 222 79 95
0.0614403 -54.9491 56.6312 5 148 157 235
7.81033 -44.7214 17.7984 5 108 72 59
2.05725 -2.03615 29.9336 5 126 251 110
36.9707 -12.2307 76.8566 5 137 60 244
43.7486 -11.4012 12.1353 5 189 52 211
7.51756 -4.5424 53.3951 5 216 139 75
2.29976 -5.0105 16.9894 5 194 170 99
72.8282 0 40.1478 5 222 205 53
18.8995 12.9787 50.8539 5 250 170 221
50.2383 7.85887 54.1996 5 73 107 226
10.8219 41.0601 56.207 5 159 119 248
8.45344 44.7334 2.00739 5 63 179 71
0.743145 61.1403 37.4713 5 250 184 157
20.668 68.557 31.4491 5 108 182 170
0.233039 69.4729 66.2439 5 178 91 215
-7.53494 20.6941 13.3826 5 139 91 73
-22.5051 36.0454 10.037 5 191 237 204
-31.9552 10.9409 24.0887 5 206 219 188
-9.94522 2.20906 5.35304 5 243 245 210
-1.20243 31.8871 50.1848 5 116 112 166
-42.0916 5.74302 10.037 5 62 206 103
-58.8793 12.3607 8.6987 5 105 172 95
-13.3766 2.93451e-008 45.5009 5 176 175 195
-28.3493 -14.3693 64.2365 5 192 65 77
-28.5137 -9.67246 56.8761 5 211 102 120
-13.2268 -36.692 4.68391 5 131 101 200
-24.3658 -46.3902 14.0517 5 207 212 123
-20.4365 -61.1403 19.4048 5 158 70 91
-17.2233 -4.94741 32.1183 5 107 187 107
-4.42775 -52.4742 38.1404 5 192 195 52
1.5536 -48.0398 44.8317 5 206 160 102
19.0605 -28.2709 13.3826 5 232 177 184
2.97258 -45.6943 49.5157 5 207 109 210
7.95618 -27.6132 16.0591 5 184 235 150
39.6803 -16.5988 13.3826 5 60 236 236
44.1283 -0.302264 21.4122 5 96 58 240
10.9036 -4.78976 32.1183 5 165 254 100
11.2583 0 44 5 113 111 209
44.0492 9.36295 7.5 5 116 204 230
18.9877 20.4302 24 5 146 206 65
49.7447 45.8133 0.5 5 179 69 146
28.3947 50.1994 25.5 5 83 70 73
35.507 63.75 23.5 5 181 116 227
13.1132 9.88367 6 5 111 104 65
2.35363 10.3354 4 5 213 86 195
-4.07359 16.3643 31.5 5 159 53 113
-13.3808 16.4728 19 5 101 105 130
-7.79423 72.75 0.5 5 108 210 211
-24.3383 37.3278 6 5 138 97 54
-69.3623 32.5784 21 5 158 187 135
-11.0761 12.3285 3.5 5 220 58 77
-38.9666 16.2051 7.5 5 120 209 69
-81.4064 2.61144e-007 21 5 115 76 244
-6.77681 -14.2245 18 5 212 74 103
-25.3169 -2.11347 8.5 5 131 204 101
-49.044 -26.979 35 5 160 187 163
-16.2256 -18.0203 0 5 174 225 150
-26.4138 -57.75 12.5 5 205 218 247
-26.494 -74.9512 9.5 5 194 186 194
-0.814719 -0.861281 46 5 133 230 87
7.51352 -1.72256 16.5 5 212 81 87
19.2684 -51.0656 23 5 63 165 251
19.9186 -61.5 39 5 115 109 193
49.2561 -37.9714 30 5 200 251 123
11.9107 -4.0723 43 5 82 153 113
57.7542 -13.3853 11.5 5 60 148 175
76.2391 -10.2632 5.5 5 232 204 70
10.4616 0 7.10739 5 237 244 94
10.233 16.0166 7.41641 5 92 95 128
34.7533 21.6625 12.3607 5 158 246 202
50.0124 29.0689 3.7082 5 161 246 219
15.9095 29.6845 23.4853 5 174 165 199
14.2658 56.8311 15.1418 5 58 213 69
19.9847 11.7586 12.9787 5 87 76 130
3.57885 68.101 21.3222 5 221 139 247
-7.953 39.7256 30.2837 5 206 98 58
-2.93893 26.2307 3.39919 5 173 96 152
-17.119 42.8292 7.72542 5 248 222 95
-47.7286 62.9028 28.7386 5 227 191 162
-23.0826 38.0132 15.7599 5 129 146 112
-41.704 28.2386 23.7943 5 184 148 167
-26.0477 17.5985 19.1591 5 52 225 189
-69.4271 1.57048e-007 17.614 5 59 122 150
-72.5613 -12.0619 13.9058 5 187 70 124
-13.0325 -7.73659 25.9574 5 228 247 251
-20.0049 -42.4853 27.1935 5 238 100 188
-53.456 -55.1283 12.9787 5 226 205 151
-30.9093 -6.58911 29.0476 5 105 113 80
-28.2137 -83.2148 5.25329 5 195 242 146
-9.84184 -76.6136 5.25329 5 225 90 123
7.85359 -66.2093 2.78115 5 200 111 205
8.81678 -1.80902 2.78115 5 52 72 167
3.80423 -27.1801 29.0476 5 215 118 137
5.72743 -50.8876 6.18034 5 166 228 122
19.2355 -44.7214 11.1246 5 70 146 86
19.9832 -17.4073 4.01722 5 75 137 147
25.1174 -5.73434 21.0132 5 162 89 57
25.8576 0 6.16718 5 80 86 96
92.415 9.92509 4.70378 5 60 197 229
0.908541 3.23607 5.33095 5 145 224 217
71.6081 11.6913 0 5 151 188 218
64.5501 66.5166 0.104528 5 159 207 248
33.8137 37.0351 7.10794 5 123 234 53
19.0541 44.4548 7.42152 5 253 198 247
8.52438 2.96722 10.1393 5 99 181 129
-6.02944 45.4974 7.31699 5 253 206 245
-1.84395 67.1551 9.9302 5 104 112 100
-28.8411 80.9604 2.71774 5 74 252 76
-53.2372 33.9974 6.37624 5 200 158 153
-10.4596 3.50739 5.85359 5 146 225 164
-36.3416 1.21353 3.6585 5 238 156 55
-0.972789 13.4402 3.97208 5 115 138 212
-9.94522 1.60656e-007 10.2438 5 159 184 129
-77.8231 -14.8876 5.64454 5 83 253 224
-66.3235 -34.3832 8.98945 5 196 137 189
-46.6659 -43.2578 7.42152 5 243 239 181
-59.2264 -17.7378 8.88492 5 55 157 100
-15.4151 -12.9192 0.522642 5 156 79 126
-16.2882 -80.397 5.95812 5 107 168 87
-4.4701 -39.563 8.25775 5 139 193 228
8.83625 -32.6394 7.73511 5 133 197 70
28.5811 -63.3717 6.06265 5 176 231 76
38.2891 -83.5443 6.48076 5 107 65 145
17.3021 -9.60796 7.00341 5 246 155 177
24.1376 -33.3202 2.29963 5 179 160 199
9.08541 -16.1803 6.27171 5 62 52 84
47.6667 -16.9554 6.89888 5 91 242 133
91.496 0 -4.07661 5 204 194 70
91.4422 15.508 -0.209057 5 97 83 203
37.2502 39.2373 -5.85359 5 195 164 221
61.9531 48.5189 -0.627171 5 178 178 194
35.2696 35.4755 -1.67246 5 149 156 246
3.48083 29.2836 -1.14981 5 53 71 133
3.07324 93.6388 -10.3483 5 187 87 180
9.97976 46.4865 -9.51209 5 51 184 251
-7.69273 14.8361 -3.97208 5 110 204 82
-19.6687 62.4259 -0.313585 5 153 181 75
-31.3274 7.75153 -7.52605 5 52 116 216
-46.5826 36.9537 -5.74907 5 145 107 117
-67.5852 42.0887 -0.627171 5 70 232 194
-64.5064 4.8541 -1.14981 5 250 92 196
-44.7483 10.5454 -10.0347 5 191 133 120
-98.4577 2.749e-007 -5.01737 5 112 167 153
-84.6327 -4.96255 -1.56793 5 197 128 111
-67.232 -27.5066 -4.70378 5 115 156 59
-8.85044 -5.84565 -0.418114 5 162 144 240
-1.33093 -59.1259 -0.313585 5 232 156 109
-29.8357 -84.4056 -9.09398 5 87 127 247
-1.2293 -8.51262 -8.04869 5 196 158 165
-3.74241 -56.3772 -4.59925 5 62 159 184
3.63845 -8.90166 -2.9268 5 161 103 74
11.371 -78.5053 -2.61321 5 250 249 60
9.44796 -39.6189 -9.51209 5 206 52 211
27.9495 -70.212 -0.836228 5 137 83 102
73.2172 -0.584565 -3.6585 5 156 185 68
15.4452 -39.6418 -0.209057 5 178 72 216
13.619 -3.51514 -2.61321 5 117 127 231
2.85317 0 -20.0861 5 251 110 163
25.1174 5.5366 -14.5238 5 244 180 225
62.556 7.73659 -15.4508 5 128 54 129
41.5487 18.4476 -5.87132 5 133 109 82
0 16.9625 -15.7599 5 133 249 164
9.98609 15.6491 -29.0476 5 240 124 109
10.874 38.8939 -0.927051 5 149 90 242
1.09354 91.7471 -13.9058 5 217 151 207
-8.25124 31.2129 -24.1033 5 192 229 84
-20.2786 28.0398 -11.7426 5 245 62 151
-40.4199 4.1182 -20.7041 5 69 63 78
-34.3646 28.9777 -13.9058 5 85 166 220
-9.23305 48.0755 -30.5927 5 62 91 128
-19.9832 23.9834 -9.57953 5 106 254 232
-64.1889 7.11849 -11.1246 5 121 131 203
-6.6574 2.11674e-007 -28.4296 5 252 81 133
-46.5137 -5.93207 -11.7426 5 91 207 247
-45.1793 -16.6337 -11.4336 5 116 238 167
-71.5561 -1.11803 -5.25329 5 146 181 70
-22.2733 -20.4964 -13.5967 5 86 96 96
-46.1262 -37.8874 -23.1763 5 246 162 81
-0 -43.4164 -20.7041 5 51 114 76
-4.57297 -49.184 -21.0132 5 227 107 205
6.06416 -66.2093 -11.4336 5 101 64 122
20.8664 -7.23607 -1.23607 5 165 200 236
5.23081 -8.23639 -0.927051 5 237 174 230
38.8192 -40.286 -3.7082 5 139 188 212
56.9371 -41.9263 -10.5066 5 210 196 151
29.5403 -2.32098 -13.5967 5 95 162 105
40.0018 -4.15245 -9.27051 5 166 250 169
9.52628 0 -35.5 5 71 208 67
60.1441 12.4239 -47.5 5 88 52 176
49.0515 31.702 -43.5 5 56 103 229
35.0315 21.3796 -3.5 5 109 137 100
52.7331 10.9409 -3.5 5 126 217 168
25.9808 32.25 -34 5 94 190 59
18.7332 14.0019 -49 5 222 218 139
1.99153 50.8156 -46.5 5 93 234 103
-0.452622 62.0122 -21.5 5 126 121 190
-24.8883 50.242 -3 5 226 237 141
-0.866025 70.5 -33 5 170 250 172
-55.051 54.0609 -41.5 5 73 91 68
-27.3245 47.8495 -48.5 5 93 223 139
-42.7223 33.8154 -9 5 91 109 139
-40.6608 14.0444 -41.5 5 227 55 220
-8.66025 1.86531e-008 -43.5 5 64 150 159
-11.0123 -16.3852 -47.5 5 174 87 145
-48.2604 -15.851 -10 5 161 85 169
-42.7384 -22.3976 -44.5 5 215 203 171
-46.9382 -10.9409 -10 5 88 95 94
-30.3109 -1.5 -32 5 92 206 130
-1.33808 -73.3039 -33 5 91 159 155
-8.59981 -65.4574 -6 5 245 245 219
8.32824 -13.7805 -27 5 246 236 180
25.4236 -3.29456 -19.5 5 162 201 234
4.76314 -66 -14 5 198 56 138
10.4307 -42.4764 -4.5 5 152 82 246
5.60503 -33.5964 -24 5 205 153 75
13.4496 -32.4065 -20.5 5 139 135 138
5.9297 -7.9225 -10.5 5 50 214 213
3.71572 0 -16.0591 5 159 178 79
26.1686 13.1332 -24.7578 5 206 84 186
44.1283 2.41811 -30.1109 5 239 189 174
0.601217 24.8981 -27.4344 5 139 93 163
6.46439 0 -14.7209 5 248 127 102
9.66088 0.643582 -60.2218 5 195 134 156
14.238 0 -14.0517 5 215 207 220
6.36974 72.4292 -7.36044 5 228 97 215
-2.40807 70.9511 -5.35304 5 223 174 233
-14.9269 41.6996 -48.1774 5 148 249 178
-8.54617 18.0203 -58.8835 5 218 124 184
-13.426 53.0174 -31.4491 5 186 56 124
-24.6499 14.4147 -8.02957 5 176 84 55
-39.376 2.41811 -11.3752 5 185 238 193
-43.6143 6.18034 -34.7948 5 129 220 90
-58.7084 1.38722e-007 -20.743 5 210 59 145
-25.4417 -0 -8.02957 5 69 57 104
-14.2568 -10.277 -43.4935 5 254 193 70
-16.8341 -12.2307 -52.8613 5 157 130 79
-9.94522 -52.4651 -42.1552 5 80 113 189
-23.4091 -1.93075 -3.34565 5 97 145 114
-4.59289 -22.6167 -23.4196 5 56 192 197
-4.58311 -8.86889 -16.7283 5 153 64 144
3.41791 -45.0835 -23.4196 5 197 171 200
2.52609 -8.48127 -9.36783 5 117 76 57
6.31673 -0 -58.8835 5 87 113 210
31.3274 -41.4198 -28.1035 5 87 137 248
13.2268 -38.8761 -20.0739 5 141 120 160
3.39448 -11.486 -39.4787 5 169 108 121
53.791 -10.9701 -8.6987 5 86 235 200
51.7251 0 -46.923 5 190 104 238
13.7986 0.244415 -18.6074 5 168 117 151
40.8096 21.2776 -76.0476 5 253 172 70
40.8954 23.8389 -76.8566 5 61 220 220
7.07949 33.1975 -60.6763 5 193 100 178
14.4007 19.3434 -43.6869 5 61 79 137
12.1696 51.9886 -44.4959 5 180 55 234
0.921604 53.78 -19.4164 5 81 110 98
-4.91522 47.3498 -67.9574 5 92 254 130
-7.81033 17.8885 -79.2837 5 150 198 128
-4.70228 49.8856 -79.2837 5 54 200 217
-17.3054 39.7497 -66.3394 5 78 228 193
-21.3988 30.7487 -30.7426 5 106 195 239
-23.0896 21.9948 -4.8541 5 89 63 64
-31.0468 10.5098 -5.66312 5 176 169 213
-39.3816 1.87792e-007 -36.4058 5 248 77 225
-51.1697 -2.07753 -58.2492 5 77 123 116
-33.292 -17.9305 -8.09017 5 120 163 158
-38.5178 -5.52786 -70.3845 5 148 227 193
-27.5314 -6.11533 -80.0927 5 108 154 90
-13.813 -44.2862 -0.809017 5 221 163 221
-4.35926 -52.5476 -30.7426 5 202 158 159
-3.5021 -23.9672 -50.1591 5 248 134 110
1.22881 -20.4598 -0.809017 5 65 84 63
1.81636 -2.23607 -14.5623 5 82 248 120
9.69846 -7.12652 -45.305 5 219 52 148
14.159 -22.2773 -48.541 5 183 76 209
29.9583 -10.0193 -11.3262 5 200 109 254
16.1091 -23.6683 -28.3156 5 147 175 190
44.8454 -6.72141 -28.3156 5 184 231 85
31.7255 0 -10.049 5 171 189 63
14.7204 6.0887 -55.7263 5 126 52 60
2.22943 6.28652 -55.7263 5 245 253 202
16.7819 17.2133 -22.8386 5 136 74 82
3.81024 19.0426 -71.2565 5 173 60 106
13.2189 11.9763 -84.9597 5 180 106 245
11.312 5.41561 -3.65418 5 76 71 114
0.552702 9.3037 -67.6024 5 136 135 226
-3.44376 22.6525 -15.5303 5 150 187 241
-11.8147 35.2015 -49.3315 5 243 117 227
-5.08421 20.0779 -36.5418 5 86 86 135
-20.6842 11.7883 -84.0462 5 142 122 117
-2.3034 9.80203 -37.4554 5 233 194 179
-28.6111 1.98522 -50.245 5 88 147 119
-15.1182 1.43761 -71.2565 5 196 242 181
-19.5234 7.59252e-008 -33.8012 5 214 50 87
-31.8279 -3.21348 -28.3199 5 117 60 53
-1.85786 -10.9187 -84.9597 5 59 223 85
-5.59397 -4.78148 -12.7896 5 87 223 137
-14.4245 -5.74302 -30.147 5 204 200 178
-16.8796 -27.4751 -83.1326 5 157 235 194
-2.01102 -11.9917 -62.1211 5 64 227 153
-0.722764 -37.2148 -21.9251 5 88 71 220
2.59345 -31.1472 -40.196 5 187 198 234
11.8147 -2.32098 -14.6167 5 203 54 241
16.4728 -33.111 -79.4785 5 173 191 225
26.3995 -20.2517 -11.8761 5 200 240 115
22.0468 -22.712 -46.5908 5 223 241 167
15.9776 -5.95565 -44.7637 5 195 231 173
2.38709 -4.1437 -82.2191 5 199 194 103
18.5041 0 -59.667 5 203 246 180
9.76168 0.561955 -58.6889 5 155 203 96
0.56981 1.52218 -31.3007 5 66 153 119
13.1199 7.45465 -74.3392 5 177 114 74
7.79072 4.94427 -1.9563 5 245 251 224
6.65317 11.8837 -90.9677 5 221 63 139
0.449738 16.2143 -17.6067 5 188 121 229
1.95594 17.7825 -63.5796 5 65 100 188
-1.95594 14.4741 -16.6285 5 249 157 239
-4.81862 0 -91.9459 5 188 89 137
-10.0837 10.9835 -23.4755 5 127 193 165
-2.50416 8.34346 -73.3611 5 88 95 108
-9.58763 9.16556 -52.82 5 164 172 252
-13.4855 4.98935 -71.4048 5 198 238 105
-0.406737 4.2795 -60.6452 5 158 241 128
-5.61362 1.8659e-008 -11.7378 5 198 143 117
-4.4741 -3.76077 -5.86889 5 200 123 58
-13.2956 -8.11827 -11.7378 5 174 139 163
-12.1107 -2.93298 -12.7159 5 168 194 229
-11.1296 -8.65248 -96.8366 5 107 251 185
-2.07912 -16.2051 -16.6285 5 92 212 102
-3.21241 -3.95472 -58.6889 5 174 207 61
-1.10837 -17.9892 -89.9896 5 75 114 77
0.869308 -17.3689 -66.514 5 138 246 178
0.128496 -3.16377 -58.6889 5 83 169 120
0.415823 -16.5652 -94.8803 5 54 225 112
0.83472 -14.2148 -43.0385 5 157 244 68
14.802 -10.9987 -77.2737 5 189 242 205
13.4855 -6.0887 -29.3444 5 57 154 138
4.4741 -1.4265 -91.9459 5 196 108 173
3.23081e-007 0 -94 5 63 143 152
1.22897e-007 1.94054e-008 -58 5 160 214 254
4.91916e-008 1.16808e-008 -13 5 55 170 223
4.35631e-008 2.53203e-008 -32 5 245 185 123
2.18586e-007 1.62732e-007 -78 5 220 117 113
1.65131e-007 2.7047e-007 -23 5 214 83 140
7.65422e-008 8.53524e-008 -7 5 112 127 136
1.83865e-008 4.28415e-008 -49 5 63 79 62
-3.45217e-008 1.42805e-007 -44 5 61 237 91
-3.54978e-008 6.48678e-008 -5 5 68 170 165
-7.35908e-008 2.79797e-008 -52 5 241 77 177
-7.20612e-008 3.73483e-008 -88 5 58 131 63
-2.23624e-007 6.96309e-008 -45 5 203 198 238
-1.01663e-007 1.31409e-007 -32 5 93 238 107
-8.77837e-008 4.70207e-008 -65 5 73 207 136
-3.37441e-007 1.00516e-015 -42 5 188 112 64
-1.86101e-007 -1.79126e-008 -64 5 109 203 150
-2.55796e-007 -2.62818e-008 -83 5 95 226 93
-1.91677e-007 -1.32932e-007 -40 5 52 123 105
-4.32367e-008 -2.5877e-007 -17 5 185 155 214
-1.29233e-007 -8.70479e-008 -31 5 214 64 179
-1.4421e-008 -9.90088e-008 -90 5 187 128 175
-8.63042e-009 -6.06922e-008 -5 5 244 177 136
1.38837e-008 -3.42732e-007 -69 5 175 106 218
5.21374e-008 -7.51101e-008 -10 5 209 247 133
1.14873e-007 -2.89123e-007 -80 5 187 103 133
4.32367e-008 -2.18754e-007 -73 5 198 106 152
2.17815e-007 -1.60362e-007 -97 5 79 216 152
4.59122e-008 -2.48217e-008 -1 5 197 112 114
1.40454e-007 -1.56736e-008 -47 5 173 76 125
-0.831647 -0 -34.2352 5 210 229 74
-19.32 -0.432273 -8.80333 5 237 62 66
-15.7648 -3.80544 -24.4537 5 187 142 196
-9.58763 -4.8883 -44.9948 5 109 106 87
-0.55648 -1.69959 -94.8803 5 244 82 139
-8.62833 -14.0444 -92.924 5 140 195 81
-0.385489 -11.4687 -47.9292 5 132 179 123
-0.586783 -8.27091 -15.6504 5 121 93 201
0.630248 -20.4705 -60.6452 5 196 55 197
3.34091 -3.75698 -89.9896 5 132 134 220
1.97516 -7.9225 -61.6233 5 158 105 145
5.98216 -6.95288 -78.2518 5 70 156 136
13.2881 -5.62154 -93.9022 5 145 57 152
5.12829 -7.35718 -13.6941 5 184 231 122
5.69431 -3.24205 -56.7326 5 173 251 123
11.851 -6.6426e-008 -49.8855 5 247 139 134
11.3886 2.98268 -36.1915 5 93 76 247
6.64779 0.507392 -76.2955 5 108 176 155
9.08302 10.5098 -35.2133 5 242 199 223
8.20808 15.2963 -21.5192 5 208 215 175
2.18307 3.96125 -46.9511 5 78 165 164
1.15647 8.10717 -21.5192 5 98 110 179
0.651981 3.72191 -77.2737 5 186 170 114
-0.130396 1.44741 -2.93444 5 142 75 231
-2.05594 2.96604 -48.9074 5 94 187 221
-4.57406 8.82278 -17.6067 5 122 137 158
-11.547 2.93566 -76.2955 5 127 50 160
-0.336408 7.08803 -34.2352 5 50 75 173
-17.8541 2.53696 -74.3392 5 109 195 154
-2.64379 3.28527 -59.667 5 77 164 83
-19.5234 -0 -87.7004 5 251 204 144
-21.086 -0.422826 -72.1701 5 135 65 188
-31.5837 -6.78282 -16.4438 5 144 202 103
-21.0596 -14.3444 -60.294 5 129 52 63
-21.7728 -22.9721 -52.0721 5 241 100 132
-12.2021 -29.9408 -25.5793 5 54 61 68
-4.02203 -31.3332 -6.39482 5 63 70 204
-2.89106 -37.6193 -12.7896 5 62 208 135
2.59345 -14.9668 -63.9482 5 167 218 115
5.40461 -13.1522 -81.3055 5 141 183 221
7.32126 -8.45386 -27.4064 5 213 66 237
7.62048 -4.2317 -67.6024 5 208 190 115
30.9313 -12.91 -31.9741 5 179 224 182
34.1847 -8.93347 -13.7032 5 110 198 248
38.1935 -3.80544 -81.3055 5 200 57 231
11.7954 -4.23429e-008 -14.6167 5 201 200 237
3.97848 6.68066 -59.3805 5 131 241 224
15.2345 4.13587 -71.2565 5 206 196 112
30.9313 5.25962 -42.0231 5 207 90 207
26.6717 9.06793 -11.8761 5 237 168 50
18.5065 2.46571 -76.7378 5 112 124 198
6.66149 34.4278 -25.5793 5 159 58 129
2.33836 36.8103 -40.196 5 243 125 62
-3.40124 26.6976 -12.7896 5 191 142 184
-7.16425 18.181 -4.56773 5 64 209 120
-16.4728 8.80611 -57.5534 5 210 61 100
-11.1586 21.4608 -70.343 5 142 123 180
-18.7562 23.4292 -16.4438 5 228 50 195
-31.5837 9.59521 -13.7032 5 137 253 211
-32.2257 5.41218 -70.343 5 201 87 169
-7.64121 -0 -51.7771 5 188 86 154
-4.02459 -7.33245 -70.3845 5 54 78 61
-16.1091 -11.7146 -15.3713 5 120 196 240
-45.1752 -14.5106 -33.1697 5 105 191 246
-18.8786 -27.9558 -8.09017 5 244 138 111
-26.7442 -47.8495 -44.4959 5 175 111 65
-16.1656 -1.11803 -69.5755 5 182 111 179
-3.25634 -6.43022 -24.2705 5 87 81 224
3.68642 -40.335 -40.4509 5 84 206 202
7.08379 -46.9574 -25.0795 5 76 211 202
15.8702 -38.1778 -32.3607 5 92 94 199
8.25941 -28.3926 -46.114 5 95 76 78
3.3287 -5.52786 -47.732 5 136 95 107
45.6423 -2.15166 -0 5 180 226 85
39.096 -9.16556 -29.9336 5 79 50 247
17.6336 -1.18162e-007 -64.7214 5 241 104 191
36.7962 11.1209 -67.1484 5 229 128 229
8.05453 23.6683 -38.8328 5 139 212 147
0 27.9848 -39.6418 5 248 75 238
14.9456 9.60981 -32.3607 5 229 208 221
21.1603 34.6145 -42.8779 5 114 70 238
0.181636 50.3115 -47.732 5 224 111 114
1.65889 12.8604 -79.2837 5 219 205 145
-5.65251 34.4894 -43.6869 5 173 190 84
-3.63271 7.82624 -53.3951 5 54 66 254
-9.40456 30.5422 -26.6976 5 253 60 167
-27.5314 21.8405 -54.2041 5 190 240 172
-21.3988 24.8754 -63.9123 5 60 100 98
-47.7902 23.4292 -20.2254 5 145 119 122
-22.4227 1.34428 -78.4746 5 105 54 77
-73.5713 -0 -59.5526 5 217 100 115
-33.4376 -12.0517 -46.8391 5 179 177 136
-2.03669 -16.02 -11.3752 5 142 125 194
-56.5144 -19.2196 -41.4861 5 93 125 224
-45.2507 -37.554 -53.5304 5 253 159 232
-18.5786 -6.43582 -15.39 5 158 244 91
-19.2901 -57.9554 -44.8317 5 233 151 107
-6.83582 -33.2583 -34.1257 5 125 189 192
2.48575 -64.2994 -40.1478 5 157 78 198
20.668 -9.18805 -63.5674 5 217 185 202
11.5187 -27.674 -58.2144 5 248 201 238
7.45891 -35.3449 -53.5304 5 168 211 209
37.8767 -13.5411 -10.037 5 177 161 169
62.4585 -22.6698 -56.8761 5 227 222 144
29.8031 -6.33485 -9.36783 5 60 174 251
35.671 -2.5877e-007 -56.8761 5 236 237 75
56.6986 10.0431 -18.0665 5 173 116 193
41.4127 23.5766 -64.9057 5 232 77 145
24.0487 34.508 -34.1257 5 62 134 180
9.94522 3.31359 -58.8835 5 247 221 218
7.80302 3.86149 -50.1848 5 241 52 126
21.1273 60.7825 -32.7874 5 146 100 148
2.48575 3.69537 -46.17 5 205 187 168
-6.36974 7.39074 -32.7874 5 253 186 82
-17.9123 13.4287 -32.7874 5 122 195 58
-32.6984 62.4275 -20.743 5 111 115 151
-42.2672 10.493 -40.817 5 91 100 158
-28.8584 40.6233 -42.8244 5 151 64 114
-29.1926 3.32491 -31.4491 5 70 197 181
-60.3331 7.10739 -49.5157 5 102 130 177
-32.0429 -0 -25 5 223 230 218
-35.5782 -1.62051 -15.5 5 203 135 180
-41.14 -18.3167 -8 5 234 115 99
-16.1145 -42.7591 -47 5 110 99 150
-27.8152 -15.446 -31.5 5 137 166 128
-29.0119 -45.75 -7.5 5 233 76 80
-4.28187 -41.182 -33 5 74 180 137
-4.61674 -9.47409 -46 5 117 204 50
8.50928 -70.6251 -29 5 53 70 178
13.1132 -78.2457 -3 5 79 112 171
35.9401 -54.75 -38 5 92 62 236
7.53329 -4.50508 -8 5 60 105 201
25.9233 -11.7079 -12 5 71 93 97
22.1523 -22.1914 -18 5 229 165 103
74.5449 -2.34074 -15.5 5 222 248 102
27.7128 -1.92749e-007 -28 5 183 172 160
45.7434 9.54301 -39 5 162 208 76
44.3046 7.04489 -16.5 5 61 235 248
7.00629 1.01807 -25.5 5 242 52 66
39.9844 18.0203 -2.5 5 201 67 70
27.2798 69.75 -24 5 171 221 135
22.7474 59.302 -29.5 5 144 85 157
1.53891 20.6707 -28.5 5 251 218 167
-8.59981 9.47409 -33 5 151 144 72
-19.2684 37.0638 -27 5 180 56 79
-25.9808 47.25 -49 5 178 177 83
-44.0408 22.5254 -12.5 5 178 149 245
-7.00629 5.59941 -23 5 194 129 112
-54.5896 17.9645 -48.5 5 240 86 230
-18.6362 15.6649 -39 5 115 137 73
-59.9166 -0 -1.23607 5 252 108 123
-31.6293 -0.988679 -16.3779 5 148 166 68
-79.9327 -29.7859 -18.85 5 167 114 133
-47.7041 -32.982 -25.0304 5 197 59 189
-56.0015 -38.1657 -0.309017 5 197 156 57
-10.4616 -15.6491 -25.3394 5 213 63 163
-3.8206 -4.52254 -5.87132 5 118 112 172
-6.06416 -27.4296 -9.57953 5 52 162 178
3.9765 -51.0757 -6.48936 5 63 158 226
14.4007 -54.2705 -21.0132 5 232 68 56
47.0773 -30.4746 -20.0861 5 246 247 66
12.7276 -52.3012 -29.9746 5 54 209 188
25.3909 -32.423 -15.1418 5 135 173 120
39.0975 -20.502 -20.7041 5 101 237 168
21.3963 -9.09585 -16.9959 5 76 209 229
93.2035 -9.21806e-008 -19.7771 5 244 76 52
36.2807 3.55924 -12.6697 5 118 61 169
63.4248 0.38683 -10.5066 5 177 105 86
35.3934 8.38525 -4.63525 5 158 116 235
43.9103 53.7147 -8.65248 5 254 181 109
16.168 60.9493 -0.309017 5 192 216 99
17.0458 60.6021 -7.72542 5 123 72 222
2.08766 27.4296 -12.9787 5 145 222 129
-7.953 70.9385 -11.4336 5 80 105 95
-23.5114 84.1193 -20.0861 5 196 88 182
-26.6296 56.0075 -21.6312 5 137 59 89
-1.90914 12.7219 -16.0689 5 195 226 176
-30.7768 40.2492 -0.618034 5 75 62 90
-33.0157 9.67074 -20.7041 5 118 167 51
-3.72109 10.6777 -20.3951 5 253 113 79
-39.7809 -0 -6.16718 5 55 137 92
-28.2109 -9.30477 -6.58529 5 154 244 61
-1.81708 -25.8885 -1.88151 5 241 79 52
-69.1943 -9.35304 -4.3902 5 87 209 137
-6.65465 -72.4292 -4.59925 5 64 128 103
-25.8576 -69.7638 -2.29963 5 64 50 71
-22.1273 -28.3754 -6.16718 5 242 165 183
-0.623735 -95.9402 -8.04869 5 109 232 109
0.935603 -51.4318 -4.49472 5 188 197 180
10.1417 -13.2419 -4.49472 5 61 121 58
23.3713 -55.122 -0.209057 5 162 210 107
29.2805 -65.7776 -5.74907 5 119 224 59
3.21834 -37.9967 -6.48076 5 108 132 96
58.1466 -39.2373 -1.04528 5 119 134 174
22.3742 -17.5757 -0.731699 5 243 60 103
58.6768 -1.28525e-007 -4.3902 5 127 205 176
80.7415 6.40995 -9.09398 5 252 243 104
23.6221 20.6299 -0.627171 5 74 140 174
11.2642 11.6913 -1.67246 5 215 107 71
18.633 41.3881 -3.6585 5 232 221 214
0.994522 40.4802 -0.522642 5 194 151 165
18.1321 68.101 -4.07661 5 89 56 198
7.17295 22.7487 -1.98604 5 150 208 97
-8.42042 69.2352 -2.82227 5 83 107 214
-16.9028 36.888 -2.71774 5 80 252 214
-23.8685 6.02897 -4.80831 5 116 172 209
-36.6006 39.1709 -8.15322 5 251 148 246
-53.1026 28.6437 -5.54001 5 126 54 206
-49.0612 28.3156 -6.27171 5 183 170 98
-38.9116 1.86095 -8.04869 5 143 239 199
-94.4796 -0 3.13585 5 237 129 164
-66.1497 -13.4402 4.18114 5 163 125 181
-74.5004 -8.49468 8.04869 5 100 143 200
-52.298 -32.1511 5.74907 5 152 191 189
-10.6474 -56.1696 1.77698 5 238 233 241
-21.3822 -58.5671 4.91284 5 142 242 254
-10.7563 -53.9133 0.940756 5 50 105 141
-4.4701 -74.1805 8.57133 5 95 80 157
1.14351 -48.4646 2.71774 5 249 174 101
25.5079 -52.9674 4.49472 5 221 202 176
17.9014 -63.7348 1.77698 5 117 182 196
13.9748 -50.257 0.209057 5 77 185 65
55.5164 -25.7209 1.56793 5 128 141 225
19.0794 -33.1697 3.97208 5 202 87 196
93.3878 -14.8876 6.79435 5 246 217 72
88.5125 -9.99636e-008 9.09398 5 55 215 218
72.9592 3.72191 10.3483 5 89 71 186
69.9577 6.06763 1.67246 5 214 169 203
47.4705 8.18391 5.12189 5 98 249 109
41.9243 11.8252 2.9268 5 176 124 194
29.8357 11.1967 7.94416 5 91 234 246
27.9665 68.101 9.51209 5 247 147 93
5.50966 80.115 1.77698 5 192 201 109
-9.04416 68.2461 8.78039 5 164 60 82
-6.14648 6.62093 3.24038 5 87 212 154
-2.4863 83.5443 7.21246 5 87 137 162
-58.5609 14.7815 10.2438 5 117 207 219
-16.8963 3.50739 9.9302 5 234 176 222
-59.0552 8.89919 3.44944 5 130 53 146
-32.102 19.6434 9.9302 5 153 118 78
-67.525 -0 26.2664 5 65 137 84
-61.3981 -19.5758 6.18034 5 220 69 177
-82.5392 -19.7283 5.56231 5 123 137 229
-13.8496 -0 11.7426 5 134 143 183
-63.0017 -69.9705 1.54508 5 104 184 174
-33.7625 -18.1201 12.9787 5 119 182 174
-12.3435 -77.7877 14.2148 5 128 236 67
-2.48531 -89.8554 28.1205 5 107 232 233
9.04654 -14.1877 13.2877 5 72 161 133
24.3931 -55.175 1.54508 5 92 135 209
0.475528 -21.4146 26.5755 5 182 92 70
11.4549 -7.7745 8.96149 5 233 169 236
32.3157 -14.5344 11.4336 5 246 127 214
13.0325 -8.12342 22.5582 5 104 93 148
24.1871 -1.38415 26.8845 5 109 131 219
10.4616 -1.22907e-007 27.1935 5 163 188 147
73.4916 16.0166 13.5967 5 128 190 52
24.3273 32.4937 4.94427 5 135 73 111
23.852 38.5722 16.9959 5 73 235 211
26.0916 4.24064 15.1418 5 183 130 212
21.8743 39.5347 3.39919 5 155 128 93
22.6297 43.4164 22.5582 5 143 223 59
0.497062 8.51262 27.5025 5 206 162 63
-4.37415 6.62093 15.7599 5 214 190 253
-24.3931 63.3156 18.85 5 92 171 86
-10.9372 37.0638 0.309017 5 133 202 241
-44.5467 23.3235 14.8328 5 129 237 76
-38.471 13.4164 6.79837 5 221 144 199
-20.852 7.34976 25.9574 5 241 137 131
-73.4916 6.72302 23.1763 5 116 148 248
-74.4782 -0 20 5 179 150 131
-15.2478 -5.22165 12 5 66 254 89
-66.4569 -28.1795 27.5 5 217 216 181
-48.3434 -22.3976 39 5 161 191 153
-22.5999 -30.892 43.5 5 73 70 254
-36.3731 -23.25 37.5 5 213 129 213
-20.3389 -65.8911 21.5 5 156 152 64
-6.60827 -55.122 14.5 5 79 165 192
0.271573 -25.8384 0 5 111 146 214
19.536 -42.0056 25.5 5 95 166 151
37.6721 -8.25 11.5 5 93 195 62
41.7229 -5.14866 26 5 111 218 114
37.834 -12.7259 38 5 191 187 125
14.2408 -34.8722 15 5 160 138 65
47.4376 -8.64273 24.5 5 78 108 104
46.7654 -2.82906e-007 19 5 195 107 209
43.2021 15.1248 45.5 5 238 188 123
52.2161 0.704489 28.5 5 217 143 147
51.8466 49.3766 8.5 5 123 134 217
13.3281 18.0203 1.5 5 203 102 147
6.06218 74.25 44.5 5 106 76 69
1.6057 60.9493 25 5 74 247 86
8.05666 85.2668 17.5 5 190 172 127
-1.81049 24.9772 3 5 87 62 76
-17.6627 24.7092 6 5 169 148 230
-35.9401 32.25 7 5 206 218 71
-53.3125 8.36657 36 5 53 155 135
-42.7384 47.8495 3 5 246 242 67
-71.2038 21.4869 15 5 214 199 96
-44.8963 7.74244 3.5 5 50 127 235
-40.873 -0 37.4713 5 120 176 254
-63.2408 -15.1418 17.3974 5 185 107 214
-52.9539 -21.763 24.7578 5 145 92 54
-35.4718 -39.7497 11.3752 5 245 245 162
-17.9014 -8.28396 54.8687 5 116 167 219
-8.17459 -3.86149 55.5378 5 181 169 68
-1.37787 -69.9705 6.69131 5 51 202 122
-6.5251 -58.3868 36.8022 5 231 94 179
6.21438 -19.955 48.8465 5 80 125 103
18.6012 -16.2558 23.4196 5 106 169 164
26.3816 -16.0896 39.4787 5 244 102 90
18.8959 -4.41811 8.6987 5 72 246 198
27.656 -2.18405 24.0887 5 234 55 225
18.3302 -0.906793 65.5748 5 190 252 253
22.5341 -15.1418 7.36044 5 206 196 114
8.17459 -5.33547e-009 38.8096 5 203 240 183
21.0803 9.88854 10.037 5 155 217 131
17.6513 3.92944 66.2439 5 214 141 199
37.8767 10.0466 10.7061 5 223 54 192
42.7644 41.9721 54.1996 5 189 139 253
31.2121 25.0997 36.8022 5 206 146 73
0.918578 5.65418 25.427 5 59 62 86
2.56343 64.2994 21.4122 5 113 67 122
-1.00984 45.8226 30.78 5 120 145 199
-2.52609 17.6693 18.7357 5 96 75 235
-34.5562 34.7534 24.7578 5 151 151 50
-34.311 32.0313 52.8613 5 93 116 147
-10.8219 3.49448 18.7357 5 213 190 75
-19.688 28.4128 42.1552 5 186 232 135
-29.8031 9.116 22.0813 5 126 190 104
-20.5725 -0 69.5755 5 59 171 53
-37.3711 -3.78843 50.1591 5 241 66 56
-9.12847 -21.0385 77.6656 5 150 202 230
-11.4127 -31.0942 7.28115 5 93 163 124
-7.07949 -34.9448 3.23607 5 138 163 192
-25.2748 -20.8705 55.8222 5 225 236 67
-16.7105 -8.94427 21.8435 5 172 190 214
-4.60802 -12.2759 12.1353 5 166 168 50
5.89827 -23.3826 7.28115 5 214 208 220
2.36126 -46.3984 46.923 5 205 204 66
9.40456 -24.4338 23.4615 5 139 169 135
9.04602 -7.86257 51.7771 5 223 144 201
46.6018 -1.72746 12.9443 5 113 163 173
32.2181 -3.82518 70.3845 5 120 80 74
25.2974 -8.92114 16.9894 5 220 254 193
27.6259 -9.70613e-008 57.4402 5 147 100 133
42.5456 9.53218 21.8435 5 174 151 71
22.0157 21.5166 36.4058 5 64 103 131
42.322 5.18237 40.4508 5 251 121 68
1.57322 15.2883 57.4402 5 151 187 83
27.6259 10.1807 5.66312 5 196 209 51
15.8023 6.14919 65.5304 5 122 139 52
5.95971 45.5961 8.09017 5 241 135 212
-0.860164 51.4417 48.541 5 195 143 80
-13.441 16.2115 52.5861 5 68 111 57
-24.9809 35.6326 7.28115 5 157 186 86
-36.1841 10.9202 41.2599 5 51 131 218
-22.3498 12.4377 77.6656 5 241 148 52
-34.366 11.4755 10.5172 5 107 119 80
-8.62411 5.37713 76.0476 5 104 51 163
-24.4042 -0 90.441 5 244 53 92
-8.35482 -5.83501 32.8876 5 230 182 230
-26.0101 -5.29391 67.6024 5 218 70 181
-17.7691 -11.2365 8.22191 5 252 134 188
-0.81648 -21.1585 12.7896 5 235 252 234
-4.4741 -6.3404 28.3199 5 56 190 252
-3.51928 -8.89708 35.6283 5 109 254 99
-1.61559 -33.9787 84.9597 5 150 75 74
1.27547 -17.3939 0.913545 5 238 216 59
4.27341 -30.5595 6.39482 5 95 225 244
5.08421 -20.7824 83.1326 5 54 222 193
23.6779 -9.37019 81.3055 5 201 60 193
32.2476 -1.67352 56.6398 5 93 222 158
15.2345 -14.2274 66.6888 5 236 85 85
9.94621 -7.86457 16.4438 5 249 199 250
24.4042 -1.89813e-008 87.7004 5 66 218 111
2.38709 0.676522 4.56773 5 204 56 59
29.7258 14.8891 43.8502 5 226 126 102
16.1238 19.1259 7.30836 5 197 166 191
10.0699 13.9042 2.74064 5 151 128 252
17.0829 8.45386 13.7032 5 57 180 211
5.40461 10.0576 21.0115 5 106 81 157
2.721 37.2148 46.5908 5 133 126 127
-0.255093 27.9111 84.0462 5 76 187 249
-2.13671 28.2386 74.9107 5 201 135 109
-3.66063 5.98815 22.8386 5 205 171 62
-22.5893 20.8562 75.8243 5 70 64 126
-20.4015 2.39074 31.9741 5 243 169 58
-20.8081 3.30869 72.1701 5 154 206 163
-7.16127 3.12892 56.6398 5 187 216 61
-9.77185 -0 45.9729 5 152 82 248
-17.2863 -2.11814 89.0114 5 108 233 106
-0.759747 -7.78001 94.8803 5 163 170 230
-1.17743 -3.66622 48.9074 5 177 57 234
-7.37336 -11.5881 39.1259 5 202 173 145
-0.831647 -6.48205 85.0988 5 102 172 117
-1.02797 -13.0506 28.3663 5 123 62 144
-1.34743 -1.44741 46.9511 5 137 95 161
0.478119 -14.8876 27.3881 5 199 65 53
4.88287 -15.6211 77.2737 5 105 111 189
1.24747 -2.16068 27.3881 5 142 132 147
11.9643 -8.34346 5.86889 5 232 64 164
4.2051 -3.42181 40.104 5 102 123 113
13.4855 -5.32761 30.3226 5 64 64 72
13.0156 -0.518727 3.91259 5 97 144 78
12.6826 -6.12015e-008 28.3663 5 233 212 98
1.42358 0.778091 54.7763 5 175 129 185
1.51949 7.18805 79.23 5 129 61 72
1.00922 10.3876 24.4537 5 83 180 247
3.61712 10.8156 85.0988 5 73 128 111
6.65317 0.720227 22.4974 5 80 99 195
2.69843 14.0392 94.8803 5 66 51 57
1.02144 6.40996 54.7763 5 166 201 161
-1.02144 6.8235 0.978148 5 68 194 182
-2.44143 0.395472 89.9896 5 167 111 76
-2.28703 12.2439 33.257 5 63 248 194
-9.0428 3.86271 58.6889 5 253 88 149
-9.92404 11.4875 5.86889 5 138 95 119
-15.005 0.338261 32.2789 5 94 240 92
-6.50779 0.605182 0.978148 5 184 252 94
